10215.5
10195.0
11620.0
8569.5
8531.5
12190.0
11090.0
11400.0
11628.0
9851.0
11543.0
9848.5
11787.5
11356.5
10525.5
10794.5
11704.0
10383.5
11968.5
11713.5
11962.0
10564.5
10605.5
10560.5
11453.0
10592.0
11464.0
11848.5
11227.5
11821.5
11814.5
10151.5
9765.5
10144.0
10271.5
11426.5
9364.5
11990.5
12007.5
8886.5
11354.5
11970.0
11401.0
10666.0
11407.5
11343.5
10866.0
11330.0
9475.5
11761.0
9452.5
11355.0
11365.0
11421.5
11432.0
11846.0
11854.0
8172.5
8090.5
8168.0
11645.5
8934.5
11638.0
11745.5
8621.5
11731.5
9144.0
11837.5
9129.5
10735.0
11923.0
10745.0
11296.5
11088.5
11298.5
11089.5
10347.0
10040.5
10320.5
10024.0
10413.5
10814.5
10403.0
10813.0
10077.5
10038.5
10129.5
10024.5
10101.0
11643.0
10856.5
11649.0
10845.0
10807.5
10700.0
12295.0
11270.5
11274.0
11260.5
9555.5
10258.5
10249.5
9215.0
9611.5
9334.0
9568.0
12000.0
11407.5
12013.5
11933.0
11421.5
11433.5
11173.0
11140.0
10427.0
10075.0
10430.0
10083.0
11408.5
10369.5
11402.0
11004.5
10999.0
11172.0
11857.0
10229.0
10220.0
10927.5
10927.0
12027.0
12246.0
12016.5
12253.5
12008.0
11629.5
12020.5
11628.0
11933.5
11207.0
11937.0
11945.0
12144.5
11864.0
12135.0
11872.5
11657.5
10341.5
11634.0
9618.0
9662.0
9638.0
11394.5
11401.0
12200.0
12191.0
11781.0
11403.5
11794.5
12312.0
12312.5
11856.0
10434.5
10444.0
10434.5
10707.5
11235.0
10716.0
11530.5
11649.0
11532.0
11632.5
11388.5
11617.0
11373.5
11609.5
11562.0
10956.0
11564.5
10953.0
11989.0
10220.5
11991.5
10333.5
9133.0
10335.5
9121.0
11658.0
8495.0
11665.0
8472.0
10518.5
10521.0
11633.5
11327.5
11330.0
11330.0
11077.0
10705.5
11062.5
10728.5
11839.0
11816.5
12324.5
12320.0
12180.0
10692.0
10693.5
12146.5
9271.0
9260.0
11664.0
10363.0
10419.0
9604.0
8843.0
9597.5
8844.5
10995.5
10999.0
10844.5
10863.0
10827.0
10825.0
9870.5
9841.0
9868.5
10210.5
9891.5
10176.5
11603.0
11046.5
11583.0
11835.5
11844.5
11250.0
11242.0
10933.0
11085.0
11943.0
11092.5
10866.0
11179.5
10881.5
11728.5
10653.0
10649.0
11507.0
11064.5
11040.0
11067.0
11366.5
10626.5
10721.5
10751.5
10742.0
10762.0
11275.0
11277.0
12061.0
10644.0
12075.0
11841.0
11854.0
11843.0
11855.5
11866.5
12047.5
12063.0
12061.0
8809.0
10238.0
8821.5
9807.0
14235.5
14243.5
10062.5
12159.0
10065.0
8675.0
8673.0
10678.5
8157.0
10718.5
8120.0
10856.5
11042.5
10878.5
12135.0
10539.0
12133.0
10607.5
10061.0
10604.0
11904.0
10936.5
11181.0
10566.5
11901.0
10084.0
11894.0
10690.5
9480.0
11645.5
10392.0
12128.5
10321.0
10985.5
11636.5
10973.0
12175.5
10197.0
11665.0
9997.5
11688.5
12188.0
10338.0
12192.5